video_id,country,fetched_at,published_at,title,localized_title,channel_title,channel_id,category_id,category_name,tags,tag_count,thumbnail,default_language,audio_language,is_live,duration,duration_raw,definition,caption_available,licensed_content,embeddable,made_for_kids,views,likes,comments
FyS5dAywkEo,AU,2026-09-05T04:49:47.921859+00:00,2026-09-04T00:00:05Z,LISA - SaWaDiKa (Official Music Video),LISA - SaWaDiKa (Official Music Video),LISAOfficialVEVO,UCg3ymxYCmURj5BFtbgMt-Og,10,Music,"Born Again, K-Pop, Doja Cat born again, Doja Cat LISA, Doja Cat RAYE, Doja Cat BTS, Born Again BTS, Doja Cat feat. The Joy, Pop, Doja Cat feat. Teezo Touchdown, MASC, s2claude, doja cat leak, doja cat hair, doja cat tiktok live, scarlet deluxe, doja cat disrespectful, headhigh, urrrrge!!!!!!!!, asap rocky, acknowledge me, okloser, doja cat tiktok trend, paint the town red, demons, wet vagina, fuck the girls, skull and bones, attention, scarlet vinyl doja cat, brisk",31,https://i.ytimg.com/vi/FyS5dAywkEo/hqdefault.jpg,en,en,False,187,PT3M7S,hd,False,True,False,False,76598214,1638892,170198
SJVmeJaS44s,AU,2026-09-05T04:49:47.921904+00:00,2026-09-02T15:00:03Z,Harry Potter and the Philosopher's Stone | Official Teaser Trailer | HBO Max,Harry Potter and the Philosopher's Stone | Official Teaser Trailer | HBO Max,Harry Potter,UChPRO1CB_Hvd0TvKRU62iSQ,1,Film & Animation,"Harry Potter, Wizarding World, Warner Bros, Hogwarts, Marauders Map, Draco Malfoy, Ron Weasley, Hermione Granger, Harry Potter Lore, Potter, slytherin, ravenclaw, gryffindor, hufflepuff",14,https://i.ytimg.com/vi/SJVmeJaS44s/hqdefault.jpg,en-GB,en-GB,False,158,PT2M38S,hd,True,True,False,False,4326751,116440,10658
PrrE6YwY6mo,AU,2026-09-05T04:49:47.921914+00:00,2026-09-01T17:00:11Z,SIDEMEN AMONG US BUT YOU CAN BUY POWER UPS,SIDEMEN AMONG US BUT YOU CAN BUY POWER UPS,MoreSidemen,UCh5mLn90vUaB1PbRRx_AiaA,24,Entertainment,"sidemen, moresidemen, miniminter, zerkaa, behzinga, tbjzl, vikkstar, wroetoshaw",8,https://i.ytimg.com/vi/PrrE6YwY6mo/hqdefault.jpg,en,en-GB,False,4083,PT1H8M3S,hd,False,True,False,False,4165257,91864,6253
sf02ugzPFE4,AU,2026-09-05T04:49:47.921921+00:00,2026-09-04T04:00:06Z,JISOO - CLICK (Official MV),JISOO - CLICK (Official MV),JISOO,UCRE-097LGtx_Zo7LrHvkycA,10,Music,"YG Entertainment, YG, 와이지, K-po​p, BLACKPINK, 블랙핑크, 블핑, 지수, JISOO, BLINK, 블링크, jisoo, BLISSOO, BTS, MAKING, BEHIND, CLICK",17,https://i.ytimg.com/vi/sf02ugzPFE4/hqdefault.jpg,en,ko,False,169,PT2M49S,hd,False,True,False,False,13316958,1311424,122434
U6sbm1OaJb8,AU,2026-09-05T04:49:47.921929+00:00,2026-09-01T16:00:13Z,Street Fighter | New Trailer (2026 Movie),Street Fighter | New Trailer (2026 Movie),Paramount Pictures,UCF9imwPMSGz4Vq1NiTWCC7g,1,Film & Animation,,0,https://i.ytimg.com/vi/U6sbm1OaJb8/hqdefault.jpg,en,en-US,False,169,PT2M49S,hd,True,True,False,False,17992140,133939,10733
dcTYz_mJpkU,AU,2026-09-05T04:49:47.921935+00:00,2026-09-03T14:58:43Z,"State of Play | September 3, 2026 [English]","State of Play | September 3, 2026 [English]",PlayStation,UC-2Y8dQb0S6DtpxNgAKoJKA,20,Gaming,"PlayStation, PS5, video games, next gen, Sony, ps5games",6,https://i.ytimg.com/vi/dcTYz_mJpkU/hqdefault.jpg,en,en-US,False,6322,PT1H45M22S,hd,True,True,False,False,2764980,41328,3642
aWpw-Ynl0Yc,AU,2026-09-05T04:49:47.921942+00:00,2026-09-03T23:00:06Z,MILEY - Bass Persuades (Official Video),MILEY - Bass Persuades (Official Video),MILEY,UCn7dB9UMTBDjKtEKBy_XISw,24,Entertainment,"Miley, Cyrus, MiFans, MileyWorld",4,https://i.ytimg.com/vi/aWpw-Ynl0Yc/hqdefault.jpg,en,en,False,239,PT3M59S,hd,False,True,False,False,2915920,178104,15798
5jEeTPYVBsY,AU,2026-09-05T04:49:47.921948+00:00,2026-09-03T13:31:11Z,Focker-In-Law | Official International Trailer (2026) | Paramount Pictures UK,Focker-In-Law | Official International Trailer (2026) | Paramount Pictures UK,Paramount Pictures UK,UCi_iW2lqB3ADsJOobe_8yeg,1,Film & Animation,,0,https://i.ytimg.com/vi/5jEeTPYVBsY/hqdefault.jpg,en,en-GB,False,151,PT2M31S,hd,False,True,False,False,347051,3884,344
Z22O7JjLZYY,AU,2026-09-05T04:49:47.921955+00:00,2026-09-02T19:13:21Z,One of these Animals is not like the other...,One of these Animals is not like the other...,SMii7Y,UCzXwjTI6c6mVn6oui_p6oiw,20,Gaming,"smii7y, smii7yplus, smii7y+, smii7y plus, moo who, games to play with friends, moo who gameplay, funny multiplayer game, social deduction game, moo who?, prop hunt, moo who game, steam games, new steam games",14,https://i.ytimg.com/vi/Z22O7JjLZYY/hqdefault.jpg,en,en,False,1907,PT31M47S,hd,False,True,False,False,3315487,112836,2908
aQXq3ndLkHs,AU,2026-09-05T04:49:47.921962+00:00,2026-09-02T16:00:12Z,"KAROL G, Bruno Mars - Still (Official Video)","KAROL G, Bruno Mars - Still (Official Video)",KarolGVEVO,UCz9yS18zJGQObwUL_K-ICnw,10,Music,"karol, karolg, bichota, matadora, si antes te hubiera conocido, latina foreva, latina forever, ivonny bonita, viajando por el mundo, tropicoqueta, tropitour, viajando por el mundo tropitour, te llevas to, maybe, bebiendo lagrimas, ahi, final feliz, still, bruno mars, alguien que te amaba, for my lova, si lo ven, baby wow, baby romeo, judeline, rusowsky, con quien andara, eclipse, despues de ti, greg gonzalez, cigarettes after sex",31,https://i.ytimg.com/vi/aQXq3ndLkHs/hqdefault.jpg,en,es,False,227,PT3M47S,hd,True,True,False,False,5111647,160811,7185
ZeMKYURp_A8,AU,2026-09-05T04:49:47.921969+00:00,2026-09-03T13:20:20Z,Monster Hunter Wilds: Ascendance - 1st Trailer,Monster Hunter Wilds: Ascendance - 1st Trailer,Monster Hunter,UCVS0xBpOtXBAl12rdG67-OQ,20,Gaming,"monster hunter, mh, action, rpg, hunting, multiplayer, capcom, #MHWilds, #MonsterHunter, #Ascendance",10,https://i.ytimg.com/vi/ZeMKYURp_A8/hqdefault.jpg,en,en,False,191,PT3M11S,hd,False,True,False,False,1444428,49527,4076
11_srAYn_rA,AU,2026-09-05T04:49:47.921975+00:00,2026-09-04T07:32:05Z,"GTA 6: 38 New Details - Gore, Enterable Hotels, Interiors & First-Person","GTA 6: 38 New Details - Gore, Enterable Hotels, Interiors & First-Person",TGG,UC72PuhDwKtZ5MikpGNhPAtA,20,Gaming,"gta 5, gta online, gta 6, grand theft auto, making money gta, get rich gta",6,https://i.ytimg.com/vi/11_srAYn_rA/hqdefault.jpg,en-GB,en-GB,False,1452,PT24M12S,hd,False,True,False,False,969311,29827,2655
staXTmRJVVM,AU,2026-09-05T04:49:47.921982+00:00,2026-09-04T03:30:31Z,Diljit Dosanjh : Love Like This : Official Audio : Simar : ThiaraJxtt : Satta (I'm an Artist Bro),Diljit Dosanjh : Love Like This : Official Audio : Simar : ThiaraJxtt : Satta (I'm an Artist Bro),Diljit Dosanjh,UCZRdNleCgW-BGUJf-bbjzQg,10,Music,,0,https://i.ytimg.com/vi/staXTmRJVVM/hqdefault.jpg,en,en-US,False,171,PT2M51S,hd,False,True,False,False,162192,4373,242
8doc_Zq0Anw,AU,2026-09-05T04:49:47.921988+00:00,2026-09-04T14:57:43Z,"EPIC - Trailer | Anand Deverakonda, Vaishnavi Chaitanya | Hesham AW | Naga Vamsi S | Aditya Hasan","EPIC - Trailer | Anand Deverakonda, Vaishnavi Chaitanya | Hesham AW | Naga Vamsi S | Aditya Hasan",Sithara Entertainments,UC2woPAI_KMAR25R_oezEQqw,24,Entertainment,"Sithara Entertainments, anand deverakonda, anand, vaishnavi chaitanya, vaishnavi, naga vamsi, hesham, telugu new trailer, telugu trailer, telugu movies, movies, epic, epic trailer",13,https://i.ytimg.com/vi/8doc_Zq0Anw/hqdefault.jpg,en,te,False,172,PT2M52S,hd,True,True,False,False,2986436,20916,803
ZkRyHpF-Wd4,AU,2026-09-05T04:49:47.921994+00:00,2026-09-04T13:16:53Z,I Learned How To Fish…,I Learned How To Fish…,Joe Bart Games,UCeBPTBz1oRnsWsUBnKNNKNw,20,Gaming,joebartolozzi,1,https://i.ytimg.com/vi/ZkRyHpF-Wd4/hqdefault.jpg,en,en-US,False,8304,PT2H18M24S,hd,False,True,False,False,586628,11034,548
ZP6lxNdNTQQ,AU,2026-09-05T04:49:47.922000+00:00,2026-09-04T15:59:08Z,"Tom MacDonald - ""The Government""","Tom MacDonald - ""The Government""",Tom MacDonald,UCElGBUWDCa05jRzc2PfmGqQ,10,Music,"tom macdonald, tom macdonald rap, tom macdonald rapper, tom macdonald you missed, tom macdonald american flag, tom macdonald facts, tom macdonald ben shapiro, independent rapper, Tom MacDonald New Song, New Tom MacDonald, tom macdonald trump, trump tom macdonald, maga rapper, conservative rap, devil is a democrat song, tom macdonald new song, tom macdonald haters, all my haters rap, protest music, patriot music, patriotic, eminem, country rap, Shaboozey, controversial rapper",25,https://i.ytimg.com/vi/ZP6lxNdNTQQ/hqdefault.jpg,en,en,False,153,PT2M33S,hd,False,True,False,False,664250,46404,4224
bRkSGRjIWM0,AU,2026-09-05T04:49:47.922006+00:00,2026-09-03T18:25:32Z,Harry Potter HBO Series FULL Trailer BREAKDOWN: Easter Eggs & Everything You Missed,Harry Potter HBO Series FULL Trailer BREAKDOWN: Easter Eggs & Everything You Missed,MovieFlame,UCOajpsI8t3Eg-u-s2j_c-cQ,1,Film & Animation,"Harry Potter, Marvel, DC, Star Wars, Disney, Hunger Games, details you missed, hidden details, top 10, countdown, easter egg, easter eggs, behind the scenes, facts, explained, life of, review, theory, breakdown, analysis",20,https://i.ytimg.com/vi/bRkSGRjIWM0/hqdefault.jpg,en,en,False,2833,PT47M13S,hd,False,True,False,False,322564,9256,1399
IvOXwQiNjM4,AU,2026-09-05T04:49:47.922012+00:00,2026-09-04T18:56:53Z,I Escaped Villager City Prison..,I Escaped Villager City Prison..,SeaWattgaming,UCSpfz1IyUA1NBH-cgj8ygUw,20,Gaming,"Seawattgaming, Seawatt, Seawatt gaming, The story of Minecraft, The story of Herobrine, I added Robots to Minecraft, I added AI to Minecraft, I added a Villager City to Minecraft, I made 1000000 emeralds in Minecraft, I became king of villager city, I added a King villager to minecraft, I took over villager city, I added a war to Minecraft, I Added a Villager Civilization to Minecraft, I added Villager prison to Minecraft, I escaped Prison in Villager City",16,https://i.ytimg.com/vi/IvOXwQiNjM4/hqdefault.jpg,en,en,False,1558,PT25M58S,hd,False,True,False,False,295758,8409,1181
veav1xL-NAc,AU,2026-09-05T04:49:47.922019+00:00,2026-09-04T17:00:06Z,NEMZZZ - GASS FEAT. TRAVIS SCOTT [OFFICIAL VIDEO],NEMZZZ - GASS FEAT. TRAVIS SCOTT [OFFICIAL VIDEO],Nemzzz,UC3ytAKP00gWDkiOrcKfOwTQ,10,Music,"nemzzz, nems, nemsss, nemz, geeking, Nemzzz, Lil Yachty, Nemzzz GEEKIN, Nemzzz new song, UK Rap, Manchester Rap, US UK Rap, Lil Yachty 2026, Nemzzz 2026, Alternative Rap, Nemzzz Yachty collab, UK Drill, Cloud Rap, Melodic Trap, Nemzzz type beat, Lil Yachty type beat, new UK music 2026, GEEKIN reaction, Nemzzz leaks, Lil Yachty leaks, lockedinfreestyle, ptsd, killin em, 4am, four am, four, lokced in, locked in, album, new album, album 2026",36,https://i.ytimg.com/vi/veav1xL-NAc/hqdefault.jpg,en,en,False,117,PT1M57S,hd,False,True,False,False,301179,28099,1599
JN7bn4eaoJc,AU,2026-09-05T04:49:47.922026+00:00,2026-09-03T13:45:33Z,Maneater 2 - Official Gameplay Reveal Trailer,Maneater 2 - Official Gameplay Reveal Trailer,GameSpot,UCbu2SsF-Or3Rsn3NxqODImw,20,Gaming,,0,https://i.ytimg.com/vi/JN7bn4eaoJc/hqdefault.jpg,en,en,False,75,PT1M15S,hd,False,True,False,False,537881,11070,962
nH_DkXnD3ek,AU,2026-09-05T04:49:47.922032+00:00,2026-09-02T14:00:24Z,Every Advancement Expands the Border,Every Advancement Expands the Border,Yeah Jaron,UCX_OYNnlNv3vQWiER4b0f5w,20,Gaming,"haha, funy, sily, humerus",4,https://i.ytimg.com/vi/nH_DkXnD3ek/hqdefault.jpg,en,en,False,2950,PT49M10S,hd,False,True,False,False,1879100,33835,1385
E7fWa6dSsmQ,AU,2026-09-05T04:49:47.922037+00:00,2026-09-03T12:31:14Z,NOTE (Official Music Video) | Kulbir Jhinjer | Punjabi Song 2026,NOTE (Official Music Video) | Kulbir Jhinjer | Punjabi Song 2026,Kulbir Jhinjer ,UCgKfzey_XMkftXm_xxAKx5A,10,Music,"kulbir jhinjer, kulbir jhinjer new song, kulbir jhinjer all songs, kulbir jhinjer top song, punjabi song, NOTE Kulbir Jhinjer Song, Punjabi Trending Songs 2026, Punjabi Songs 2026 New, Kulbir Jhinjer New Song 2026, Kulbir Jhinjer New Song, Kulbir Jhinjer 2026, NOTE Punjabi Song, Punjabi Song 2026, New Punjabi Song 2026, Latest Punjabi Songs 2026, Punjabi Music 2026, note song",17,https://i.ytimg.com/vi/E7fWa6dSsmQ/hqdefault.jpg,en,pa,False,151,PT2M31S,hd,False,True,False,False,470127,3499,130
IjLg0X59fMA,AU,2026-09-05T04:49:47.922043+00:00,2026-09-03T17:07:20Z,Band of Brothers: Legacy Trailer | HBO Max,Band of Brothers: Legacy Trailer | HBO Max,HBO Max,UCx-KWLTKlB83hDI6UKECtJQ,24,Entertainment,"hbo max, hbo, hbo originals, hbo original series, hbo trailer, new on hbo, max, hbo max originals, hbo max trailer, hbo max teaser, hbo max series, hbo max youtube",12,https://i.ytimg.com/vi/IjLg0X59fMA/hqdefault.jpg,en,en,False,95,PT1M35S,hd,True,True,False,False,3305157,37745,2308
RcW3BQwfMNg,AU,2026-09-05T04:49:47.922050+00:00,2026-09-03T07:14:22Z,Starting Over Using ONLY ROBUX In Steal A Egg..,Starting Over Using ONLY ROBUX In Steal A Egg..,Foltyn,UCRkuUgtDAL4XSU5jB40J_wA,20,Gaming,"foltyn, foltyn roblox, roblox, roblox foltyn, foltyn family, funny, foltyn family roblox, roblox foltyn family, blade ball, roblox blade ball, foltyn blade ball, starting over using only robux in keyboard escape, foltyn keyboard escape, foltyn steal an egg, roblox steal an egg, foltyn and caylus, foltyn and caylus playing roblox, foltyn and caylus playing roblox together, foltyn and caylus playing roblox games",19,https://i.ytimg.com/vi/RcW3BQwfMNg/hqdefault.jpg,en,en-US,False,940,PT15M40S,hd,False,True,False,False,1688172,24098,3897
Ob5XQ7oZxxg,AU,2026-09-05T04:49:47.922056+00:00,2026-09-04T16:00:12Z,Jungle - Come Back To Me (Official Video),Jungle - Come Back To Me (Official Video),Jungle4eva,UCR4a2QKvUuLvLGA6M5MM2ew,10,Music,"Jungle, band, electronic, music, Josh Lloyd-Watson, Tom McFarland, casio, UK, British",9,https://i.ytimg.com/vi/Ob5XQ7oZxxg/hqdefault.jpg,en,en,False,286,PT4M46S,hd,False,True,False,False,148682,8994,411
OtYkRfgadJM,AU,2026-09-05T04:49:47.922063+00:00,2026-09-03T21:00:39Z,Harry Potter HBO Trailer 2: Everything You Missed!,Harry Potter HBO Trailer 2: Everything You Missed!,SuperCarlinBrothers,UCKZo4N0lVPccBkSiuyVh4yg,1,Film & Animation,"SuperCarlinBrothers, j carlin, ben carlin, jonathan carlin, harry potter, harry potter hbo, harry potter hbo trailer, harry potter trailer, harry potter trailer 2, harry potater hbo trailer 2, harry potater trailer breakdown, harry potter trailer reaction, new harry potter series, harry potter tv series, harry potter reboot, harry potter hidden details, harry potter easter eggs, ravneclaw eagle, harry potter series trailer",19,https://i.ytimg.com/vi/OtYkRfgadJM/hqdefault.jpg,en,en-US,False,1557,PT25M57S,hd,True,True,False,False,217260,4564,975
cQrbNxHh6T4,AU,2026-09-05T04:49:47.922068+00:00,2026-09-04T10:06:11Z,Sony is going bankrupt..,Sony is going bankrupt..,Asmongold TV  ,UCQeRaTukNYft1_6AZPACnog,20,Gaming,"asmongold, asmongold reacts, asmongold wow, asmongold highlights, asmongold youtube, world of warcraft, asmongold funny, asmongold tv, asmongold channel, zackrawrr",10,https://i.ytimg.com/vi/cQrbNxHh6T4/hqdefault.jpg,en,en,False,3537,PT58M57S,hd,False,True,False,False,1264666,22181,4429
6ytdGqMxxrI,AU,2026-09-05T04:49:47.922074+00:00,2026-09-04T09:02:57Z,anime,anime,Tablo - Topic,UCY4PQ_7-efxBtEp93dYoUrA,10,Music,"TABLO, BANG YEDAM, 방예담, EPIKASE SONG BATTLE, anime",5,https://i.ytimg.com/vi/6ytdGqMxxrI/hqdefault.jpg,en,en,False,154,PT2M34S,hd,False,True,False,False,187789,5814,355
M9NWvGZViCg,AU,2026-09-05T04:49:47.922081+00:00,2026-09-02T12:30:02Z,East of Eden | Official Trailer | Netflix,East of Eden | Official Trailer | Netflix,Netflix,UCWOA1ZGywLbqmigxE4Qlvuw,24,Entertainment,"Cathy Ames, Christopher Abbott, East of Eden, East of Eden Netflix, Florence Pugh, Hoon Lee, John Steinbeck, John Steinbeck Adaptation, Joseph Anders, Joseph Zada, Limited Series, Literary Adaptation, Mike Faist, Netflix, Netflix 2026, Netflix Drama, Netflix Limited Series, Netflix Official Trailer, Netflix Trailer, Period Drama, Steinbeck, Trask Family, Zoe Kazan",23,https://i.ytimg.com/vi/M9NWvGZViCg/hqdefault.jpg,en,en-US,False,151,PT2M31S,hd,True,True,False,False,2621215,19624,944
bQNXNW41YaM,AU,2026-09-05T04:49:47.922087+00:00,2026-09-04T21:07:51Z,"BLAST Open Porto 2026, Quarterfinals - Falcons vs G2, FURIA vs Vitality","BLAST Open Porto 2026, Quarterfinals - Falcons vs G2, FURIA vs Vitality",BLAST Premier,UC9k--dE_UE0Faxzgb_DDkYQ,20,Gaming,"navi, natus vincere, astralis, faze, clan, mouz, liquid, vitality, spirit, g2, esports, live, champions, livestream, cs2 gameplay, csgo, blast pro series, gaming, competitive gaming, blast premier, blast, cs2 pros, cs2 players, esports pros, BLASTPremier, counter strike, BLAST Bounty, counter strike 2, BLAST Rivals, BLAST Open, blast major, CS2, Counter-Strike 2, Counter-Strike, CS2 Live, CS2 Livestream, CS2 Esports, Counter-Strike Esports, esports live, gaming live, CS2 English Stream, 2026",42,https://i.ytimg.com/vi/bQNXNW41YaM/hqdefault.jpg,en,en,False,26181,PT7H16M21S,hd,False,True,False,False,2278608,15755,30
exOfeLnbfSM,AU,2026-09-05T04:49:47.922094+00:00,2026-09-04T11:30:06Z,Supun Perera & Hirushi - Indura Pawasannam (ඉඳුරා පවසන්නම්) | Official Music Video,Supun Perera & Hirushi - Indura Pawasannam (ඉඳුරා පවසන්නම්) | Official Music Video,Supun Perera,UCWXuNGadD5IgQoc5Gb_XpmQ,10,Music,"supun perera, hirushi, supun & hirushi, indura pawasannam, ඉඳුරා පවසන්නම්, supun perera new song, hirushi and supun new song, hamuwenna one adare, indura pawasannam song, sondure nuba ahasak wage, hirushi supun perera, duet songs sinhala, sinhala songs, sinhala song, supun and hirushi, hirushi and supun, hirushi jayasena and supun perera, supun perera songs new, supun perera and hirushi",19,https://i.ytimg.com/vi/exOfeLnbfSM/hqdefault.jpg,en,en,False,270,PT4M30S,hd,False,False,False,False,146923,7134,2086
meknZizkusk,AU,2026-09-05T04:49:47.922100+00:00,2026-09-02T10:23:01Z,"VIBE - Official Trailer | In Cinemas - September 18| Kunal Kemmu, Preity G Zinta, Sparsh Shrivastava","VIBE - Official Trailer | In Cinemas - September 18| Kunal Kemmu, Preity G Zinta, Sparsh Shrivastava",Amazon MGM Studios India,UC03toXvCn0s3wMmE5zq4ttw,24,Entertainment,"vibe movie, vibe movie update, vibe official teaser, vibe teaser, vibe movie amazon prime, preity zinta movie vibe, vibe release date, vibe poster release, vanshika dhir first movie vibe, vanshika dhir debut movie vibe, movie matters, teaser, vibe prime video, mohit suri new movie trailer, coolie teaser tamil, vibe cast, dc title teaser, movie, dc movie trailer, i am game movie trailer, i'm movie trailer, new movie trailer, new movie, comedy, preity zinta bollywood, new film",26,https://i.ytimg.com/vi/meknZizkusk/hqdefault.jpg,en,en-IN,False,164,PT2M44S,hd,True,True,False,False,22172027,85768,3555
vU03tjHzTwI,AU,2026-09-05T04:49:47.922106+00:00,2026-09-02T22:00:02Z,HOW TO FISH (FULL GAME),HOW TO FISH (FULL GAME),CaseOh,UC63anZxfVGHUEmfBAf5w7pw,20,Gaming,"gaming, caseoh, caseohgames, case, funny, streamer, horror, horror gaming, scary, jumpscare",10,https://i.ytimg.com/vi/vU03tjHzTwI/hqdefault.jpg,en,en,False,15600,PT4H20M,hd,False,True,False,False,1215604,22758,1448
G1qwu755leE,AU,2026-09-05T04:49:47.922113+00:00,2026-09-03T23:01:06Z,James Marriott - Burn Down The Disco (Official Video),James Marriott - Burn Down The Disco (Official Video),James Marriott,UCx1KP78RnPligNhMTr1ymCw,10,Music,,0,https://i.ytimg.com/vi/G1qwu755leE/hqdefault.jpg,en,en,False,208,PT3M28S,hd,False,False,False,False,117337,10587,935
9PZN30QAmL8,AU,2026-09-05T04:49:47.922118+00:00,2026-09-03T11:30:13Z,TUTT PAINI ENGLISH NE ( Official Trailer ) Simi Chahal | Satvinder Singh | Mandy Takhar,TUTT PAINI ENGLISH NE ( Official Trailer ) Simi Chahal | Satvinder Singh | Mandy Takhar,Eiffle Studioz,UCHxCL66CHd7K4RUEbTlRDsQ,22,People & Blogs,"TuttPainiEnglishNe, OfficialTrailer, PunjabiMovie, PunjabiCinema, Pollywood, PunjabiComedy, PunjabiFilm, PunjabiEntertainment, SimiChahal, MandyTakhar, SatvinderSingh, JassGrewal, VarinderSharma, EiffelStudioz, PunjabiMovies, InCinemas, 25September2026, NewPunjabismovies, latestpunjabimovies, Newpunjabimovies2026",20,https://i.ytimg.com/vi/9PZN30QAmL8/hqdefault.jpg,en,pa,False,177,PT2M57S,hd,False,False,False,False,2040871,22717,1217
mnaT4AqVj8k,AU,2026-09-05T04:49:47.922124+00:00,2026-09-04T01:15:06Z,I Ranked All 11 Grand Theft Auto Games,I Ranked All 11 Grand Theft Auto Games,penguinz0,UCq6VFHwMzcMXbuKyG7SQYIg,24,Entertainment,,0,https://i.ytimg.com/vi/mnaT4AqVj8k/hqdefault.jpg,en,en,False,1624,PT27M4S,hd,False,True,False,False,1159877,20604,2043
smpvylzZkCg,AU,2026-09-05T04:49:47.922130+00:00,2026-09-03T22:00:13Z,'No More I Love You’s' (ANNIE LENNOX) Cover by The HSCC,'No More I Love You’s' (ANNIE LENNOX) Cover by The HSCC,The Hindley Street Country Club,UCPbEcJyVcETaWrubYOg4UTw,10,Music,"80s music, live music, cover band, 80s hits, 80s classics, 80s covers, hindley street country club, chart-topping hits, best cover song, pop covers, rock covers, retro music, 80s nostalgia, music icons, tribute bands, worldwide artists, live concerts, greatest hits, O-o-o-h... w-o-o-o... o-o-o-h..., karaoke, yeah, country music, pop music, rock music",24,https://i.ytimg.com/vi/smpvylzZkCg/hqdefault.jpg,en,en,False,286,PT4M46S,hd,False,False,False,False,137306,5233,528
agoRJ3TuCno,AU,2026-09-05T04:49:47.922136+00:00,2026-09-03T16:03:15Z,"RESIDENT EVIL ""It's Raining Zombies"" Trailer (2026)","RESIDENT EVIL ""It's Raining Zombies"" Trailer (2026)",Rapid Trailer,UC1cVTv6C0Unv6TtadjBvYRA,1,Film & Animation,"Resident Evil, Resident Evil Trailer, Trailer, 2026, Movie, Film, Official, Resident Evil official trailer",8,https://i.ytimg.com/vi/agoRJ3TuCno/hqdefault.jpg,en,en,False,316,PT5M16S,hd,False,True,False,False,448454,3772,705
26I3pxiSMyw,AU,2026-09-05T04:49:47.922141+00:00,2026-09-04T17:29:32Z,I Bought 1000 EGGS in Steal an Egg and GOT THIS..,I Bought 1000 EGGS in Steal an Egg and GOT THIS..,CaylusBlox,UCsPMNatXCwqyUuJilBT73jg,20,Gaming,"caylusblox, caylus roblox, caylus, caylus gaming, caylus infinite, infinite lists, calus, callus, calis, roblox, caylus horror, caylus scary, caylus scariest, caylus scary myths, caylus creepy, caylus roblox horror, caylus roblox scary, caylus steal a brainrot, caylus aura, caylus stream, caylus brainrot, caylus foltyn, steal an egg, caylus steal an egg, caylus irl",25,https://i.ytimg.com/vi/26I3pxiSMyw/hqdefault.jpg,en-US,en-US,False,1472,PT24M32S,hd,False,True,False,False,249720,4447,751
tz55npS56oQ,AU,2026-09-05T04:49:47.922148+00:00,2026-08-17T14:00:06Z,Rahma Riad - Weli [Official Lyric Video] (2026) / رحمة رياض - ويلي,Rahma Riad - Weli [Official Lyric Video] (2026) / رحمة رياض - ويلي,Rahma Riad,UCQlSkOX5bI-BSP5bwEPoIAA,10,Music,"رحمة رياض, Rahma, rahma riad, rahma ryad, rahma riad 2022, rahma riad music, اغاني رحمة رياض, رحمة",8,https://i.ytimg.com/vi/tz55npS56oQ/hqdefault.jpg,ar,en,False,167,PT2M47S,hd,False,True,False,False,2476223,34704,2483
CFgEL7ei8VE,AU,2026-09-05T04:49:47.922154+00:00,2026-09-02T22:00:14Z,Anime “Dragon Ball Super: Beerus” | Super Surge Trailer,Anime “Dragon Ball Super: Beerus” | Super Surge Trailer,東映アニメーション公式YouTubeチャンネル,UCLhgIX2L5ZCaWdlaxR_oTAg,1,Film & Animation,,0,https://i.ytimg.com/vi/CFgEL7ei8VE/hqdefault.jpg,en,ja,False,112,PT1M52S,hd,False,True,False,False,3696977,120986,9130
KsbetjDgqSk,AU,2026-09-05T04:49:47.922159+00:00,2026-09-04T17:00:27Z,We Threw A Gaming Party (ft. Vanillamace),We Threw A Gaming Party (ft. Vanillamace),Smosh Games,UCJ2ZDzMRgSrxmwphstrm8Ww,20,Gaming,"smosh, smosh games, smosh pit, ian and anthony, anthony and ian, smush, smoosh, funny sketches, Ian Hecox, Anthony Padilla, Courtney Miller, Shayne Topp, Damien Haas, Olivia Sui, Keith Leak Jr., Noah Grossman, Amanda Lehan-Canto, Tommy Bowe, Spencer Agnew, Chanse McCrary, Angela Giarratana, Arasha Lalani, Trevor Evarts, smosh alike, smosh cast, smosh reddit, smosh reads reddit stories",27,https://i.ytimg.com/vi/KsbetjDgqSk/hqdefault.jpg,en,en,False,2287,PT38M7S,hd,True,True,False,False,566644,30350,2519
JqFzhcWo3EU,AU,2026-09-05T04:49:47.922165+00:00,2026-08-29T09:43:07Z,Yeshanagula | The Paradise | Nani | Keerthy Suresh | Anirudh Ravichander | Srikanth Odela,Yeshanagula | The Paradise | Nani | Keerthy Suresh | Anirudh Ravichander | Srikanth Odela,Saregama Telugu,UC68nKdrLbLL0Vj7ilVkLmmg,10,Music,"Yeshanagula, YeshaNagula, Yeshanagula Song, YeshaNagula Song, The Paradise, yeshanagula nani song, nani Keerthi dance, The Paradise Songs, Nani, Nani Songs, Keerthy Suresh, Anirudh Ravichander, Anirudh Ravichander Songs, Prabha Bangarigalla, Prabha bangari song, Telugu Dance Songs, anirudh concert, paradise new song, yeshanagula kattameda, Yeshanagula Kattameedha, paradise songs telugu, paradise, dance song telugu, keerthi & nani song, paradise song, Addula Jangireddy",26,https://i.ytimg.com/vi/JqFzhcWo3EU/hqdefault.jpg,en,te,False,192,PT3M12S,hd,True,True,False,False,60544213,592084,13153
tdqmXtgb0ng,AU,2026-09-05T04:49:47.922171+00:00,2026-09-04T07:58:52Z,Silo — Season 4 Teaser Trailer | Rebecca Ferguson (2026) Fulcrum's Concept Version,Silo — Season 4 Teaser Trailer | Rebecca Ferguson (2026) Fulcrum's Concept Version,Fulcrum,UCgb5O16qpkEjEysFQafyDUg,1,Film & Animation,"silo season 4 trailer, silo season 4, silo, silo season 4 teaser trailer, silo season 3 episode 10, silo season 4 promo, silo season 4 teaser, silo trailer, trailer silo, official trailer, silo official trailer, official trailer silo, wool, rebecca ferguson, chinaza uche, avi nash, common silo, common, steve zahn, hugh howey wool, book, novel, wool novel, wool adaptation, apple tv, apple, tv, science fiction, dystopia, drama, dystopian drama",31,https://i.ytimg.com/vi/tdqmXtgb0ng/hqdefault.jpg,en-US,en,False,58,PT58S,hd,False,True,False,False,82074,630,109
i7X-xQt6Qs4,AU,2026-09-05T04:49:47.922178+00:00,2026-09-04T15:15:19Z,🐉 Festival of the Dragon on Festivale SMP | Ep. 4,🐉 Festival of the Dragon on Festivale SMP | Ep. 4,LDShadowLady,UCzTlXb7ivVzuFlugVCv3Kvg,20,Gaming,"ldshadowlady, minecraft, mini game, girl gamer, pink hair, funny, walkthrough",7,https://i.ytimg.com/vi/i7X-xQt6Qs4/hqdefault.jpg,en-GB,en-GB,False,1274,PT21M14S,hd,True,True,False,False,319839,22346,1207
WH661CrvM-w,AU,2026-09-05T04:49:47.922184+00:00,2026-09-04T13:23:00Z,Akh Hai Nashyai - Babbu Maan | Latest Punabi Songs 2026,Akh Hai Nashyai - Babbu Maan | Latest Punabi Songs 2026,Babbu Maan,UCpXLDGcGtqkC7MIF5sKYU0w,10,Music,"Babbu Maan, Babbu Mann, Pop, Folk, Punjabi, Punjabi Songs, Babbu Maan new songs, Hit Punjabi Songs, akh hai nashayi full song, full punjabi song 2026, babbu maan akh hai nashayi, akh hai nashayi full punjabi song, Akh Hai Nashayi New Punjabi Song 2026, Akh Hai Nashayi Full Punjabi Song 2026, babbu maan new song, babbu maan latest punjabi song 2026, babbu maan 2026, babbu mann",18,https://i.ytimg.com/vi/WH661CrvM-w/hqdefault.jpg,en,pa,False,450,PT7M30S,hd,False,True,False,False,177252,11558,4505
VOHaf-0DV-U,AU,2026-09-05T04:49:47.922190+00:00,2026-09-04T16:05:47Z,Mandaadi - Trailer(Tamil) | Soori | Suhas | Mahima Nambiar |GV Prakash Kumar |Mathimaran Pugazhendhi,Mandaadi - Trailer(Tamil) | Soori | Suhas | Mahima Nambiar |GV Prakash Kumar |Mathimaran Pugazhendhi,RS Infotainment,UCUjM7AzodC55Dq6BncrsBjA,24,Entertainment,"RS Infotainment, MANDAADI, MANDAADI Trailer, MANDAADI Tamil Trailer, MANDAADI Official Trailer, MANDAADI Movie, MANDAADI Tamil Movie, Soori, Soori Movies, Soori New Movie, Suhas, Mahima Nambiar, Sathyaraj, Mithun Jai Sankar, Ravindra Vijay, Bala Saravanan, Stun Siva, Mathimaran Pugazhendhi, Mathimaran Pugazhendhi Movies, GV Prakash Kumar, GV Prakash, Elred Kumar, S R Kathir, Pradeep E Ragav, Tamil Teaser, Tamil Movie Teaser, Tamil Cinema, Tamil Movies, New Tamil Movie",29,https://i.ytimg.com/vi/VOHaf-0DV-U/hqdefault.jpg,en,en,False,154,PT2M34S,hd,True,True,False,False,2816437,49527,1311
t27MuVycf9s,AU,2026-09-05T04:49:47.922195+00:00,2026-09-04T13:00:00Z,So...about that Sony State of Play + Xbox's absurd Xcloud changes | This Week in Videogames,So...about that Sony State of Play + Xbox's absurd Xcloud changes | This Week in Videogames,Skill Up,UCZ7AeeVbyslLM_8-nVy2B8Q,20,Gaming,"skill up, skill, up, gameplay, games, guide, review, this week in videogames, ps4, xbox, xbox series, ps5, pc, nintendo, nintendo switch, gaming news, news, new games, new games this week, new games this month, PS5, Switch, skillup, sony, microsoft, Gamepass, release date, delay, game, new releases, reviews, metacritic, trailers, trailer, EA, Activision, Sony, switch 2, Xbox, gta 6, rockstar, Ubisoft, gta6, gta 6 leaks, state of play, maneater 2, final fantasy VII Revelation, xcloud",48,https://i.ytimg.com/vi/t27MuVycf9s/hqdefault.jpg,en,en,False,2097,PT34M57S,hd,False,True,False,False,244505,9626,1065
oAwzFFEYm38,AU,2026-09-05T04:49:47.922202+00:00,2026-08-31T09:00:11Z,Girls' Generation-HRS 소녀시대-효리수 'Skibidi' Performance Video,Girls' Generation-HRS 소녀시대-효리수 'Skibidi' Performance Video,SMTOWN,UCEf_Bc-KVd7onSeifS3py9g,10,Music,"소녀시대, SNSD, Girls' Generation, GG, 포레버 원, 태연, 써니, 티파니, 효연, 유리, 수영, 윤아, 서현, TAEYEON, SUNNY, TIFFANY, HYOYEON, YURI, SOOYOUNG, YOONA, SEOHYUN, Skibidi, Girls' Generation-HRS, 소녀시대-효리수, 스키비디",25,https://i.ytimg.com/vi/oAwzFFEYm38/hqdefault.jpg,ko,ko,False,191,PT3M11S,hd,True,True,False,False,7793121,240890,15269
MsCWSA4GbX8,AU,2026-09-05T04:49:47.922208+00:00,2026-09-03T01:29:34Z,"ADÉLA - ""Nicole Kidman"" (Official Trailer)","ADÉLA - ""Nicole Kidman"" (Official Trailer)",ADÉLA,UC8l-1aRnL7mYR-TG_RmZw7w,10,Music,,0,https://i.ytimg.com/vi/MsCWSA4GbX8/hqdefault.jpg,en,en,False,8,PT8S,hd,False,False,False,False,437143,22756,1133
