video_id,country,fetched_at,published_at,title,localized_title,channel_title,channel_id,category_id,category_name,tags,tag_count,thumbnail,default_language,audio_language,is_live,duration,duration_raw,definition,caption_available,licensed_content,embeddable,made_for_kids,views,likes,comments
YsvbN665LZE,RU,2025-12-28 02:42:15.315678+00:00,2025-12-27 14:00:00+00:00,"HAN ""유성우 (Raining stars)"" | [Stray Kids : SKZ-RECORD]","HAN ""유성우 (Raining stars)"" | [Stray Kids : SKZ-RECORD]",Stray Kids,UC9rMiEjNaCSsebs31MRDCRA,10,Music,"Stray Kids, 스트레이 키즈, SKZ, 방찬, BANG CHAN, 리노, LEE KNOW, LEEMINHO, 창빈, 서창빈, CHANGBIN, SEOCHANGBIN, 현진, HYUNJIN, HWANGHYUNJIN, 한, 지성, 한지성, HAN, JISUNG, HANJISUNG, 필릭스, FELIX, 승민, 김승민, SEUNGMIN, KIMSEUNGMIN, 아이엔, 양정인, I.N, JEONGIN, SKZ RECORD, 스키즈 자작곡, 스트레이키즈 자작곡, 슼즈레코드 한, 한 슼레, 한 보컬, 한 노래, 한 랩, 한 유성우, 스키즈 한, skz han, 자작곡, self composed song, han vocal, han rap, 한 작곡, 한 작사, 한 자작곡, 한지성 작곡, 한지성 작사, 한지성 자작곡, 스키즈 한 자작곡, skz han raining star, 한지성 슼레, 한지성 유성우, han raining star, 스키즈 슼레, han skz-record",59,https://i.ytimg.com/vi/YsvbN665LZE/hqdefault.jpg,en,ko,False,222,PT3M42S,hd,True,True,False,False,705626,191488,14637
B5RyVR_YaRE,RU,2025-12-28 02:42:15.315719+00:00,2025-12-27 23:00:11+00:00,Indigo Park: Chapter 2 - Official Gameplay Teaser Trailer,Indigo Park: Chapter 2 - Official Gameplay Teaser Trailer,UniqueGeese,UC9BkT4lu2bby5wdQe1brQHA,20,Gaming,"Indigo Park, Indigo, Indigo Park Horror, Horror Games, Indie Horror, Mascot Horror Game, UniqueGeese, UniqueGeese Game, UniqueGeese Game Dev, Unique Geese, Trailer, video game trailers, uniquegeese indigo park, indigo park trailer, indigo park full game, indigo park chapter 1, indigo park gameplay, indigo park all secrets, indigo park chapter 1 ending",19,https://i.ytimg.com/vi/B5RyVR_YaRE/hqdefault.jpg,en,en,False,65,PT1M5S,hd,False,True,False,False,49288,12788,1113
gnOH1a55kCs,RU,2025-12-28 02:42:15.315749+00:00,2025-12-27 12:05:57+00:00,"АВСТРАЛИЯ депо ""ДЖУНГЛИ""! НОВАЯ ЛОВУШКА по ПЕРЕХВАТУ ПОЕЗДОВ в РАСТ RUST","АВСТРАЛИЯ депо ""ДЖУНГЛИ""! НОВАЯ ЛОВУШКА по ПЕРЕХВАТУ ПОЕЗДОВ в РАСТ RUST",ДЕРЖИ ДВЕРЬ,UC8QOXu4R4qkbn-YkdaL520A,20,Gaming,"rust, раст, кгые, hfcn, держи дверь, кава, раст рейд, rust raid, кланы, рейд, раст rust, rust выживание, выживание в rust, выживание, rust рейд, видео по rust, раст выживание, антирейд, rust антирейд, rust начало, rust pvp, rust survival, rust movie, раст фильм, rust gameplay, Австралия раст, депо джунгли, джунгли раст, перехват поездов, ловушка для поездов, ловушка ДЕПО, джунгли, Австралия ловушка, боб3",34,https://i.ytimg.com/vi/gnOH1a55kCs/hqdefault.jpg,ru,ru,False,6393,PT1H46M33S,hd,False,True,False,False,490722,37126,1918
yfpLGnDogzQ,RU,2025-12-28 02:42:15.315761+00:00,2025-12-26 12:00:07+00:00,Нурайым Акылбекова _ Джентльмен/ ЖАҢЫ КЛИП/ 2025,Нурайым Акылбекова _ Джентльмен/ ЖАҢЫ КЛИП/ 2025,AKYLNURU,UCtsmD41_uKA6ytRt_on0DzA,10,Music,,0,https://i.ytimg.com/vi/yfpLGnDogzQ/hqdefault.jpg,ky,ky,False,154,PT2M34S,hd,False,True,False,False,383817,9669,681
vQyF76wJySM,RU,2025-12-28 02:42:15.315770+00:00,2025-12-27 08:01:13+00:00,"😱 Майнкрафт, но Мы Открыли СВОЙ СЕРВЕР • Путь Героя [Моя Гордость В конце Года] + Фиксплей","😱 Майнкрафт, но Мы Открыли СВОЙ СЕРВЕР • Путь Героя [Моя Гордость В конце Года] + Фиксплей",MrLololoshka (Роман Фильченков),UCAvrIl6ltV8MdJo3mV4Nl4Q,20,Gaming,"Лололошка, Lololoshka, MrLololoshka, Летсплей, Сборка, Скачать, Магия, Моды, Майнкрафт, Minecraft",10,https://i.ytimg.com/vi/vQyF76wJySM/hqdefault.jpg,ru,ru,False,3935,PT1H5M35S,hd,False,True,False,False,592060,40928,3569
ViLmRD2roWA,RU,2025-12-28 02:42:15.315779+00:00,2025-12-27 14:00:07+00:00,Gulsanam Mamazoitova - Rum taki-tak | Гулсанам Мамазоитова - Рум таки-так,Gulsanam Mamazoitova - Rum taki-tak | Гулсанам Мамазоитова - Рум таки-так,RizaNovaUZ,UCDPnSqLmYqHadD6VkrRiarg,10,Music,"Rizanova, yangi, clip, Bravo, Elmurod, Gulsanam, uzbek, songs, yangiyil, qo'shiqlar, Gulsanam Mamazoitova, Rum taki-tak, Гулсанам Мамазоитова, Рум таки-так, yangi qoshiq, uzbek music, o'zbekcha qo'shiqlar, raqsbop taronalar, xit musiqa, sevgi haqida, sharq musiqasi, uzbek pop, top music, Gulsanam Mamazoitova 2024, Sunnatilla Dustov",25,https://i.ytimg.com/vi/ViLmRD2roWA/hqdefault.jpg,uz,uz,False,324,PT5M24S,hd,False,True,False,False,22559,564,76
zPbrkmdcTfo,RU,2025-12-28 02:42:15.315788+00:00,2025-12-27 17:00:04+00:00,1000 Players Simulate Civilization: Boys vs Girls,1000 Players Simulate Civilization: Boys vs Girls,MrBeast Gaming,UCIPPMRA040LQr5QPyJEbmXA,20,Gaming,,0,https://i.ytimg.com/vi/zPbrkmdcTfo/hqdefault.jpg,en,en,False,3156,PT52M36S,hd,True,True,False,False,3733287,177511,13055
7mGCGlkZi-s,RU,2025-12-28 02:42:15.315795+00:00,2025-12-27 10:03:03+00:00,Loqiemean — EXCOMMUNICADO (РЕАКЦИЯ),Loqiemean — EXCOMMUNICADO (РЕАКЦИЯ),Loqiemean,UCnLG5S7Mw608ZLPVO8zn91A,10,Music,,0,https://i.ytimg.com/vi/7mGCGlkZi-s/hqdefault.jpg,ru,ru,False,638,PT10M38S,hd,False,True,False,False,7769,735,48
93NZgltK_io,RU,2025-12-28 02:42:15.315803+00:00,2025-12-27 10:00:15+00:00,не ложись спать...,не ложись спать...,windy31,UCZUrS0zDszsXI_5ir_tI3cg,24,Entertainment,,0,https://i.ytimg.com/vi/93NZgltK_io/hqdefault.jpg,ru,en-GB,False,1545,PT25M45S,hd,False,True,False,False,225044,19405,1731
jYls3s1DutM,RU,2025-12-28 02:42:15.315811+00:00,2025-12-27 13:56:01+00:00,"СТИНТ - Свистит башка (премьера клипа, 2025)","СТИНТ - Свистит башка (премьера клипа, 2025)",Stintik ,UCBExEyByJmPydFVVFcGeOqQ,24,Entertainment,"стинт обзор игр, стинт, стинта, стинт обзор, 89, 89sqd, топ моменты с твич, топ клипы с твича, топ моменты твич, stint, стинтик, stintik, stint stream, stintik twitch, стинт твич, стинт реакция, стинт стрим, 89 squad, 89 сквад, стинт песня, стинт это не мой вайб, стинт треки, как работает любовь, стинт новый трек, это не мой вайб, стинт телепорт, не сегодня стинт, стинт не сегодня, стинт необъятный океан, стинт свистит башка, свистит башка, свистит, башка, башка свистит",34,https://i.ytimg.com/vi/jYls3s1DutM/hqdefault.jpg,ru,ru,False,123,PT2M3S,hd,False,True,False,False,7355,1484,117
QI-4Gfc5o7M,RU,2025-12-28 02:42:15.315820+00:00,2025-12-27 08:00:29+00:00,😱Что Находится Внутри БРЕЙНРОТОВ?! МИСТИКА в Steal a Brainrot..,😱Что Находится Внутри БРЕЙНРОТОВ?! МИСТИКА в Steal a Brainrot..,FixEye - Роблокс,UCwkDYwR6NT9KhQJA0ZQ9jBw,20,Gaming,"фиксай, fixeye, roblox, роблокс, прокачали мемы, steal a brainrot, steal a brainrot прохождение, секреты steal a brainrot, как стать богатым в steal a brainrot, запрещённый steal a brainrot, забаненный укради брейнрот, запрещенный укради брейнрот, страшная правда steal a brainrot, steal a brainrot страшный миф, что внутри брейнротов, откуда берутся брейнроты",16,https://i.ytimg.com/vi/QI-4Gfc5o7M/hqdefault.jpg,ru,ru,False,655,PT10M55S,hd,False,True,False,False,348382,8688,1014
LkzQ3mCVDpg,RU,2025-12-28 02:42:15.315829+00:00,2025-12-24 03:52:05+00:00,Лиловая (Deep House),Лиловая (Deep House),Ami D Music - Topic,UCFl5efIskoBgrRMwnHTq0lw,10,Music,"Ami D Music, Лиловая (Deep House)",2,https://i.ytimg.com/vi/LkzQ3mCVDpg/hqdefault.jpg,ru,en,False,367,PT6M7S,hd,False,True,False,False,69617,351,0
zCwYVMMhYho,RU,2025-12-28 02:42:15.315836+00:00,2025-12-27 07:42:14+00:00,😱НАЧАЛ С НУЛЯ но теперь МОЖНО ПРОКАЧИВАТЬ БРЕЙНРОТОВ SAMMY в Steal a Brainrot!!!,😱НАЧАЛ С НУЛЯ но теперь МОЖНО ПРОКАЧИВАТЬ БРЕЙНРОТОВ SAMMY в Steal a Brainrot!!!,EroxBlox,UCMDSzea8f4CC53mZC3ViZug,20,Gaming,,0,https://i.ytimg.com/vi/zCwYVMMhYho/hqdefault.jpg,ru,ru,False,1115,PT18M35S,hd,False,True,False,False,416745,11300,1843
iyScRg31-u0,RU,2025-12-28 02:42:15.315844+00:00,2025-12-27 14:01:14+00:00,"Gulasal Pulatova - Yodi Tu ""Boron 2"" (Official Music Video, 2026) | Гуласал Пулотова - Ёди ту","Gulasal Pulatova - Yodi Tu ""Boron 2"" (Official Music Video, 2026) | Гуласал Пулотова - Ёди ту",Gulasal Pulatova,UCJh7N8Xy7f4ECe4OhO7wR3g,10,Music,"gulasal pulotova, гуласал пулотова, гуласал пулотова нав, гуласал пулотова 2019, клипи бехтарини ошикона, клипи нави точики, суруди ошикона, базморо, гуласал пулодова клип, гуласал пулодова консерт 2019, gulasal pulotova 2019, гуласал пулодова нав, gulasal pulotova consert, гуласал пулотова 2021, гуласал пулотова консерт нав, гуласал пулотова газал, гуласал пулотова муж, гуласал пулотова консерт 2017, гуласал пулотова семья, лазги хоразми, клипи точики 2021, lazgi xorazm",22,https://i.ytimg.com/vi/iyScRg31-u0/hqdefault.jpg,ru,tg,False,267,PT4M27S,hd,False,False,False,False,10661,183,36
vzmWV3EsHYo,RU,2025-12-28 02:42:15.315852+00:00,2025-12-27 07:01:00+00:00,ВЫЖИЛ И РАЗВИЛСЯ В ЗАТОПЛЕННОЙ ПОДЛОДКЕ! \ 100 ДНЕЙ,ВЫЖИЛ И РАЗВИЛСЯ В ЗАТОПЛЕННОЙ ПОДЛОДКЕ! \ 100 ДНЕЙ,Бурёночек🛑,UCngdQ02MhqK9Ke8Uon5qOug,20,Gaming,"буренок, выжил, под водой, хардкор, майнкрафт хардкор, выжил под водой, выжил и развился, буреночек, 100 дней, 100 дней хардкор",10,https://i.ytimg.com/vi/vzmWV3EsHYo/hqdefault.jpg,ru,ru,False,945,PT15M45S,hd,False,True,False,False,234345,9107,455
fjsLrTNDC_o,RU,2025-12-28 02:42:15.315860+00:00,2025-12-22 09:01:10+00:00,Dj Dibaj & 2pac - усиление басов “ LUXURY NIGHT “ | лучшая музыка в машине 2024 - Top Remix,Dj Dibaj & 2pac - усиление басов “ LUXURY NIGHT “ | лучшая музыка в машине 2024 - Top Remix,DJ Dibaj,UCX-n2Ml8rovTxHscNP3wZtA,10,Music,"музыка в машину, лучшая музыка в машину, лучшая музыка, лучшая музыка 2024, крутая музыка в машину, музыка, лучшая музыка в машину 2022, песни в машину, музыка в машину 2022, музика в машину, музыка 2024, слушать музыку, басы в машину, крутая музыка, лучшая музыка в машину 2020, клубная музыка, музыка в авто, крутая музыка в машину 2024, крутая музыка в машину 2022, музыка в машину 2024, топ музыка, классная музыка, новинки музыки, музыка шазам, музыка бас, Djdibaj",26,https://i.ytimg.com/vi/fjsLrTNDC_o/hqdefault.jpg,en,ru,False,586,PT9M46S,hd,False,True,False,False,147614,926,20
1lIoZGB4lWU,RU,2025-12-28 02:42:15.315869+00:00,2025-12-27 12:00:04+00:00,ЭТО САМАЯ ОПАСНАЯ ЛОВУШКА ГРИФЕРА В МАЙНКРАФТ | Компот Minecraft,ЭТО САМАЯ ОПАСНАЯ ЛОВУШКА ГРИФЕРА В МАЙНКРАФТ | Компот Minecraft,Компот,UC0cWWruNMb95iCBEOzPnjRA,20,Gaming,"компот, майнкрафт, compot, minecraft, компот в майнкрафте, игры, роман компот, майн, это самая опасная ловушка грифера в майнкрафт, это самая опасная ловушка в майнкрафт, самая опасная ловушка, опасность в майнкрафт, опасность, опасная ловушка, ловушка в майнкрафт, ловушка, ловушка из динамита в майнкрафт, ловушка грифера в майнкрафт, грифер в майнкрафт, грифер, динамит, динамит в майнкрафт, тоннель, тоннель в майнкрафт, тоннель из динамита в майнкрафт, странный тоннель, мир из динамита",27,https://i.ytimg.com/vi/1lIoZGB4lWU/hqdefault.jpg,ru,ru,False,683,PT11M23S,hd,False,True,False,False,252103,11586,2272
S8jOv9k6wlc,RU,2025-12-28 02:42:15.315883+00:00,2025-12-07 20:18:27+00:00,آهنگ جدید افغانی ای کبک خرامان,آهنگ جدید افغانی ای کبک خرامان,Afg Music Al - Topic,UCUYn_gIUkUwgHizsX34YHNw,10,Music,"Afg Music Al, آهنگ جدید هوش مصنوعی, آهنگ افغانی, آهنگ جدید افغانی ای کبک خرامان",4,https://i.ytimg.com/vi/S8jOv9k6wlc/hqdefault.jpg,fa,ar,False,199,PT3M19S,hd,False,True,False,False,45767,286,0
YOL_7ZzqpbA,RU,2025-12-28 02:42:15.315891+00:00,2025-12-27 20:57:07+00:00,🎅КОНКУРС НА ЛУЧШИЙ НОВОГОДНИЙ КОСТЮМ (СЕГОДНЯ),🎅КОНКУРС НА ЛУЧШИЙ НОВОГОДНИЙ КОСТЮМ (СЕГОДНЯ),EdisonPts,UCrpt82vHWIWZSHtNQxncPrg,20,Gaming,"эдисон, эд, едисон, хеллоуин, конкурс костюмов",5,https://i.ytimg.com/vi/YOL_7ZzqpbA/hqdefault.jpg,ru,ru,False,21365,PT5H56M5S,hd,False,True,False,False,199389,9718,64
iv_ZTZypAcA,RU,2025-12-28 02:42:15.315898+00:00,2025-12-25 19:19:39+00:00,Платина - Хенни,Платина - Хенни,Платина,UCURwni1sVtRnSjk1HbAO-sg,10,Music,,0,https://i.ytimg.com/vi/iv_ZTZypAcA/hqdefault.jpg,ru,ru,False,110,PT1M50S,hd,False,True,False,False,119957,15199,876
8pxF9QxcXhQ,RU,2025-12-28 02:42:15.315905+00:00,2025-12-27 14:55:00+00:00,TV ROYALE | New Heroes: Wizard & Ice Golem!,TV ROYALE | New Heroes: Wizard & Ice Golem!,Clash Royale,UC_F8DoJf9MZogEOU51TpTbQ,20,Gaming,"Clash Royale, Clash Royale Game, Supercell, Supercell Game, Clash Royale Supercell, Mobile Game",6,https://i.ytimg.com/vi/8pxF9QxcXhQ/hqdefault.jpg,en,en,False,148,PT2M28S,hd,True,True,False,False,2353352,73302,6316
4cb6rgC3Xao,RU,2025-12-28 02:42:15.315913+00:00,2025-12-27 14:42:50+00:00,Настасья Самбурская - «Шопен». Елена Ваенга. Достояние республики,Настасья Самбурская - «Шопен». Елена Ваенга. Достояние республики,Самбурская,UCYlCNGsyAwm90ZRmJBCsbSA,22,People & Blogs,,0,https://i.ytimg.com/vi/4cb6rgC3Xao/hqdefault.jpg,ru,ru,False,225,PT3M45S,hd,False,False,False,False,9488,554,71
QkFTRvOVqzU,RU,2025-12-28 02:42:15.315920+00:00,2025-12-27 18:35:38+00:00,"30 КИЛЛОВ С РЕВОЛЬВЕРА, СЛУШАЮ ВОЙС ЧАТ 10 LVL FACEIT В CS2","30 КИЛЛОВ С РЕВОЛЬВЕРА, СЛУШАЮ ВОЙС ЧАТ 10 LVL FACEIT В CS2",Murzofix,UCtDUJoWBgUaYUeHtMA0LNGg,20,Gaming,"cs2, cs 2, кс2, кс 2, видео кс2, видео по кс2, видео про кс2, кс2 видео, видео cs2, видео по cs2, видео про cs2, cs2 видео, кс го, ксго, войс чат, войс чат кс2, кс2 войс чат, фейсит, фейсит войс чат, фейсит кс2, faceit, faceit cs2, фейсит как слушать войс чат, как послушать войс чат, как слушать войс чат противников, как слушать войс чат в кс2, войс чат мурз, мурзофикс, мурз, murzofix, murz, ржака, угар, смех",34,https://i.ytimg.com/vi/QkFTRvOVqzU/hqdefault.jpg,ru,ru,False,1521,PT25M21S,hd,False,True,False,False,64745,5146,230
oWHigN3tVFk,RU,2025-12-28 02:42:15.315929+00:00,2025-12-27 08:30:23+00:00,НОВЫЙ ОБХОД БЛОКИРОВКИ РОБЛОКС 27 ДЕКАБРЯ! НЕ ЗАХОДИТ В РОБЛОКС! КАК ЗАПУСТИТЬ РОБЛОКС,НОВЫЙ ОБХОД БЛОКИРОВКИ РОБЛОКС 27 ДЕКАБРЯ! НЕ ЗАХОДИТ В РОБЛОКС! КАК ЗАПУСТИТЬ РОБЛОКС,It's BRO,UCH3I08n1RAz0AcOLZUJ5ujQ,20,Gaming,"roblox, роблокс, бро играют, bro играют, Its BRO, итс бро, роблокс на русском, роблокс симулятор, роблокс видео, роблокс смотреть, игра роблокс, roblox simulator, roblox video, роблокс не работает в россии, роблокс перестал работать, почему не работает роблокс, как играть в роблокс, когда заработает роблокс, роблокс заблокировали в россии, блокировка роблокс, ркн заблокировал роблокс, как разблокировать роблокс, как играть в роблокс в россии, роблокс не работает 27 декабря",24,https://i.ytimg.com/vi/oWHigN3tVFk/hqdefault.jpg,ru,ru,False,195,PT3M15S,hd,False,True,False,False,70615,2315,873
8ObYp7MqMIc,RU,2025-12-28 02:42:15.315937+00:00,2025-12-27 09:00:13+00:00,СБЕЖАЛ ОТ ЗЛОЙ СОВЫ В SCHOOLBOY RUNAWAY! ПОБЕГ ПАЦАНА ИЗ ДЕРЕВНИ 😱🔥,СБЕЖАЛ ОТ ЗЛОЙ СОВЫ В SCHOOLBOY RUNAWAY! ПОБЕГ ПАЦАНА ИЗ ДЕРЕВНИ 😱🔥,Holy Baam,UCHVY_-jY-FayjszyX1nlGtQ,23,Comedy,"holy baam, леонид форостов, холи бам, холи баам, холибам, holybaam, holybam, shorts",8,https://i.ytimg.com/vi/8ObYp7MqMIc/hqdefault.jpg,ru,ru,False,1178,PT19M38S,hd,False,True,False,False,298210,15407,1065
f5PPJG_jkZs,RU,2025-12-28 02:42:15.315946+00:00,2025-12-27 12:31:11+00:00,Я ПОПАЛ ВНУТРЬ КОРОВЫ! 😱 И ВОТ ЗАЧЕМ! МАЙНКРАФТ,Я ПОПАЛ ВНУТРЬ КОРОВЫ! 😱 И ВОТ ЗАЧЕМ! МАЙНКРАФТ,ВЛАДУС,UCPG6OP7eL7kLuyFpQMdqYSA,20,Gaming,"Владус, Vladus, майнкрафт, minecraft, корова майнкрафт, внутри коровы майнкрафт, я попал внутрь коровы майнкрафт, зачем я полез в корову майнкрафт, секрет внутри коровы майнкрафт, странный майнкрафт, смешной майнкрафт, необычный майнкрафт, приключения майнкрафт, майнкрафт приколы, майнкрафт секреты, корова в майнкрафт, что внутри коровы майнкрафт, абсурд майнкрафт, владус, леня, владус майнкрафт, леня майнкрафт, владус и леня, детский майнкрафт",24,https://i.ytimg.com/vi/f5PPJG_jkZs/hqdefault.jpg,ru,ru,False,847,PT14M7S,hd,False,True,False,False,163928,4168,287
wxlZkO5jisI,RU,2025-12-28 02:42:15.315954+00:00,2025-12-27 12:01:53+00:00,КАРТОШКАФРИПОКАЛИПСИС ► Thank Goodness You’re Here! #3,КАРТОШКАФРИПОКАЛИПСИС ► Thank Goodness You’re Here! #3,Kuplinov ► Play,UCdKuE7a2QZeHPhDntXVZ91w,20,Gaming,"Thank Goodness You’re Here, Thank Goodness You’re Here game, Thank Goodness You’re Here игра, Thank Goodness You’re Here прохождение, Thank Goodness You’re Here прохождение на русском, Thank Goodness You’re Here walkthrough, Thank Goodness You’re Here let's play, Thank Goodness You’re Here летс плей, Thank Goodness You’re Here геймплей, Thank Goodness You’re Here gameplay, Kuplinov Play, Куплинов плей, Куплинов, Kuplinov",14,https://i.ytimg.com/vi/wxlZkO5jisI/hqdefault.jpg,ru,,False,2631,PT43M51S,hd,False,True,False,False,72245,6703,152
SdIx-odiaHM,RU,2025-12-28 02:42:15.315962+00:00,2025-12-27 13:45:50+00:00,НОВЫЙ ОБХОД БЛОКИРОВКИ РОБЛОКС в РОССИИ (КОМП) | Блокировка Роблокс | Как настроить ZAPRET v1.9.1,НОВЫЙ ОБХОД БЛОКИРОВКИ РОБЛОКС в РОССИИ (КОМП) | Блокировка Роблокс | Как настроить ZAPRET v1.9.1,Red Cat,UC7jL8M3KBSO47ke9l1os_Fg,20,Gaming,"прога запрет, настройка запрет, прога Zapret, настройка Zapret, Роблокс запрещен в россии, Роблокс не работает в россии, Роблокс заблокирован в россии, Роблокс отключен в россии, сбой Роблокса в россии, Почему РОБЛОКС НЕ РАБОТАЕТ, белый экран роблокс, черный экран роблокс, как зайти в роблокс, выкидывает из роблокса, роблокс сломался, когда будет работать роблокс, roblox как зайти, roblox не работает, roblox не могу зайти, red cat, ред кет, красный кот, роблокс, roblox",24,https://i.ytimg.com/vi/SdIx-odiaHM/hqdefault.jpg,ru,ru,False,347,PT5M47S,hd,False,True,False,False,35513,1305,530
bgEBXbdiS6Y,RU,2025-12-28 02:42:15.315970+00:00,2025-12-26 15:01:16+00:00,Я попытался пройти Minecraft наоборот,Я попытался пройти Minecraft наоборот,Carvs На Русском,UCWqputisUWigNFReyJurxaQ,20,Gaming,,0,https://i.ytimg.com/vi/bgEBXbdiS6Y/hqdefault.jpg,ru,ru,False,1374,PT22M54S,hd,False,True,False,False,493286,14994,844
sZ-1gIQQyV0,RU,2025-12-28 02:42:15.315977+00:00,2025-12-27 12:19:04+00:00,СТРАШНЫЙ ДЕНЬ РОЖДЕНИЯ В РОБЛОКСЕ...,СТРАШНЫЙ ДЕНЬ РОЖДЕНИЯ В РОБЛОКСЕ...,leafxup,UCramoDJbAHDGfQ_vqqy5RdQ,20,Gaming,"leafxup, лиф, лифт, виолетта, рубоксы, роблокс игры на двоих, с друзьями, кооп, with friends, doors, лестницы, веревки, лодки, страшилки, хорор, шарик, собака, мем, юмор, смешно, ты закрыл дверь, xleafxup, лификсап, прохождение, гостер, тик ток, страшно",27,https://i.ytimg.com/vi/sZ-1gIQQyV0/hqdefault.jpg,ru,ru,False,1107,PT18M27S,hd,False,True,False,False,66687,5046,391
CTVVL2UuWCI,RU,2025-12-28 02:42:15.315985+00:00,2025-12-27 14:37:00+00:00,Это п_ц. The Black Ice - ужас при участии Utopia Show,Это п_ц. The Black Ice - ужас при участии Utopia Show,IXBT Games,UC4e_XPBiiIO4fo4_CucxQeg,20,Gaming,"ixbt, ixbt games, ixbt games the black ice, ixbt pioner, ixbt antelus games, иксбити, шчие, ихбт, подкаст, подкаст про игры, The Black Ice, Черный Лед, The Black Ice обзор, The Black Ice review, The Black Ice геймплей, The Black Ice прохождение, The Black Ice ранний доступ, Игры Ростелеком, PIONER, Antelus Games, Utopia Show, Resident Evil, PoleznyiBes, хоррор, survival horror, CONTROL, Alan Wake, The Callisto Protocol и The Thing, во что поиграть, лучшая игра, лучший хоррор",31,https://i.ytimg.com/vi/CTVVL2UuWCI/hqdefault.jpg,ru,ru,False,3413,PT56M53S,hd,False,True,False,False,54248,3846,645
HhMPj0HxGaY,RU,2025-12-28 02:42:15.315993+00:00,2025-12-26 16:00:20+00:00,RimWorld глазами новичка в 2025 году | Римворлд,RimWorld глазами новичка в 2025 году | Римворлд,Bitochek,UCW2kjEoQfLL9mlI96UU_jpg,20,Gaming,"RimWorld, Римворлд, Биточек, Bitochek, глазами новичка, исповедь новичка, кшьцщкдв, hbvdjhkl, RimWorld глазами новичка в 2025 году | Римворлд, рим ворлд, римворлд глазами новичка, римворлд гайд, римворлд обзор, римворлд дсл, rimworld, rimworld dlc, kenshi, my summer car, Биточек глазами новичка, dwarf fortress, sims, bitochek, рим ворлд исповедь, римворлд прохождение, римворлд моды, рим ворлд прохождения",26,https://i.ytimg.com/vi/HhMPj0HxGaY/hqdefault.jpg,ru,en,False,3669,PT1H1M9S,hd,False,True,False,False,421364,57337,4550
mIwC8HQ0GFQ,RU,2025-12-28 02:42:15.316001+00:00,2025-12-27 11:00:28+00:00,СМЕРТЕЛЬНАЯ СВЯЗЬ на ХАРДКОРЕ Geometry Dash,СМЕРТЕЛЬНАЯ СВЯЗЬ на ХАРДКОРЕ Geometry Dash,MaFFaKa,UC4jji6MYkWXsL6t9iCv4JcQ,20,Gaming,"Geometry, Dash, MaFFaKa, маффака, гд, gd, геометри, дэш, джиометри, даш, ьфаафлф, vfaafrf, геометри даш, геометри дэш, geometry dash, geometry dash 2.2, геометри дэш 2.2, гд 2.2, gd 2.2, декоди, ретроман, decody, retroman, хардкор, смертельная связь, гд хардкор, гд без смертей",27,https://i.ytimg.com/vi/mIwC8HQ0GFQ/hqdefault.jpg,ru,ru,False,1051,PT17M31S,hd,False,True,False,False,69151,2540,330
nHGc3maRV-4,RU,2025-12-28 02:42:15.316010+00:00,2025-12-27 19:14:24+00:00,ВЫПУСКАЕМ НОВОГОДНЕЕ ОБНОВЛЕНИЕ  - RADMIR ONLINE,ВЫПУСКАЕМ НОВОГОДНЕЕ ОБНОВЛЕНИЕ  - RADMIR ONLINE,KOVALEVSKIY,UCtL8BZsUg6iT-eQxv7nVApw,20,Gaming,,0,https://i.ytimg.com/vi/nHGc3maRV-4/hqdefault.jpg,ru,ru,False,22489,PT6H14M49S,hd,False,True,False,False,49700,1869,7
sm9HtbQG-lE,RU,2025-12-28 02:42:15.316017+00:00,2025-12-27 08:01:16+00:00,ЛЮТАЯ ТРЯСКА В ФАНДОМЕ ЗАЙЧИКА. ПРОВАЛЬНЫЙ ЭПИЗОД И ОТМЕНА САЙКОНО - Реакция на Порфирьев,ЛЮТАЯ ТРЯСКА В ФАНДОМЕ ЗАЙЧИКА. ПРОВАЛЬНЫЙ ЭПИЗОД И ОТМЕНА САЙКОНО - Реакция на Порфирьев,Виндяй,UCdd2rozVKNHZg9oTeY_X7WQ,23,Comedy,,0,https://i.ytimg.com/vi/sm9HtbQG-lE/hqdefault.jpg,ru,ru,False,1291,PT21M31S,hd,False,True,False,False,99522,8774,702
Qk68WPlTIxQ,RU,2025-12-28 02:42:15.316024+00:00,2025-12-27 12:00:07+00:00,ДЕТСКИЙ ЛАГЕРЬ НЕ ОТПУСКАЕТ НАС - Minecraft сериал,ДЕТСКИЙ ЛАГЕРЬ НЕ ОТПУСКАЕТ НАС - Minecraft сериал,MyNeosha,UCSALVSMWF_ck1p8iAt6FqUQ,20,Gaming,"майнкрафт, minecraft, чудовище, майнкрафт монстр, майнкрафт сериал, сериал, minecraft сериал, myneosha, майнеоша, nazzy, майнкрафт хоррор, майнкрафт страшилка, майнкрафт фильм, нейзи, линч, linch",16,https://i.ytimg.com/vi/Qk68WPlTIxQ/hqdefault.jpg,ru,ru,False,1835,PT30M35S,hd,False,True,False,False,78646,12476,1136
EdikXvMoU-E,RU,2025-12-28 02:42:15.316032+00:00,2025-12-27 15:00:24+00:00,СНАЙПИНГ ОТ ТРЕТЬЕГО ЛИЦА В PUBG,СНАЙПИНГ ОТ ТРЕТЬЕГО ЛИЦА В PUBG,Recrent,UCw_09chvmXy_zZJz2Tj2-mg,20,Gaming,"pubg, пубг, пабг, recrent, рекрент, recrent pubg, рекрент пабг, рекрент пубг, recrent warzone, рекрент варзон, pubg mobile, пабг мобайл, пубг мобайл, гайд, пабг гайд, пубг гайд, турнир",17,https://i.ytimg.com/vi/EdikXvMoU-E/hqdefault.jpg,ru,ru,False,1452,PT24M12S,hd,False,True,False,False,79275,3862,131
oukMmQl6Bt8,RU,2025-12-28 02:42:15.316039+00:00,2025-12-27 11:30:53+00:00,МЛАДШИЙ vs СТАРШИЙ БРАТ В ГТА 5 ! - 14 ЧАСТЬ,МЛАДШИЙ vs СТАРШИЙ БРАТ В ГТА 5 ! - 14 ЧАСТЬ,Flazin,UCCxjEtqox7wP7PPMX8rACdg,20,Gaming,"flazin, флейзин, гта, гта 5, gta, gta 5, гта 5 онлайн, ГТА 5 ОНЛАЙН, ГТА 5, gta 5 online, 24 часа слежу, флейзин новые видео, флейзин новые серии, флейзин гта 5, младший брат, старший брат, брат, братья, старший vs младший, младший vs старший брат, МЛАДШИЙ vs СТАРШИЙ БРАТ !, Младший брат, Старший брат, Младший vs старший, Младший против старшего, флейзин брат, брат флейзина, flazin гта 5, младший vs старший, младший и старший, 14 часть",31,https://i.ytimg.com/vi/oukMmQl6Bt8/hqdefault.jpg,ru,ru,False,945,PT15M45S,hd,False,True,False,False,113719,9647,1083
OuNIxTJ-uXg,RU,2025-12-28 02:42:15.316047+00:00,2025-12-27 14:44:56+00:00,ЭТО ДАЖЕ НЕ ПОКЕР! Это в 100 раз круче!,ЭТО ДАЖЕ НЕ ПОКЕР! Это в 100 раз круче!,ViteC ► Play,UCXHczq_8PytR6mEJeUTTrqw,20,Gaming,"this ain't even poker, this ain't even poker ya joker, непокер, не покер, это даже не покер, карты, инкрементальная игра, incremental game, витек плей, джокер, покер, прокачка, дерево прокачки, дерево скиллов, таланты, комбинации, улучшение карт",17,https://i.ytimg.com/vi/OuNIxTJ-uXg/hqdefault.jpg,ru,ru,False,13305,PT3H41M45S,hd,False,True,False,False,49128,3461,319
Xi8sp58kOzE,RU,2025-12-28 02:42:15.316055+00:00,2025-12-27 09:54:29+00:00,Искусственный интеллект уничтожил рекорд века в Trackmania! || Yosh на Русском,Искусственный интеллект уничтожил рекорд века в Trackmania! || Yosh на Русском,OnyxFlow,UCNa9r_pQOABrpnRBLN2IPVA,22,People & Blogs,,0,https://i.ytimg.com/vi/Xi8sp58kOzE/hqdefault.jpg,ru,ru,False,1771,PT29M31S,hd,False,False,False,False,38499,2905,158
0jg0demVFhI,RU,2025-12-28 02:42:15.316062+00:00,2025-12-27 11:30:01+00:00,ВЫЖИТЬ В ШКОЛЬНОМ МЕДПУНКТЕ | БОГАТЫЕ vs БЕДНЫЕ 15  (Роблокс истории),ВЫЖИТЬ В ШКОЛЬНОМ МЕДПУНКТЕ | БОГАТЫЕ vs БЕДНЫЕ 15  (Роблокс истории),Роблокс истории - КРУТОЙ ПАПА,UCGzfmBOI0dFy8CYV4szCkXA,1,Film & Animation,"анимация, роблокс истории, ультра богатый ультра бедный а4, богатый и бедный",4,https://i.ytimg.com/vi/0jg0demVFhI/hqdefault.jpg,ru,ru,False,724,PT12M4S,hd,False,True,False,False,116546,2704,392
oIcLaKWQy54,RU,2025-12-28 02:42:15.316069+00:00,2025-12-27 16:15:51+00:00,😱 ЭТИ ГЕРОИ СЛОМАЮТ КЛЕШ РОЯЛЬ! БЕСПЛАТНОЕ Эмодзи ВЕДЬМЫ и Баннер с КОЛДУНОМ!?,😱 ЭТИ ГЕРОИ СЛОМАЮТ КЛЕШ РОЯЛЬ! БЕСПЛАТНОЕ Эмодзи ВЕДЬМЫ и Баннер с КОЛДУНОМ!?,Narek CR,UCBOrU-3xPuJ411_uo5z0NeA,20,Gaming,"clash royale, narek, narek_cr, клеш рояль, mobilegaming",5,https://i.ytimg.com/vi/oIcLaKWQy54/hqdefault.jpg,ru,ru,False,622,PT10M22S,hd,False,True,False,False,37142,1926,144
Q8V6MJQuRtA,RU,2025-12-28 02:42:15.316076+00:00,2025-12-27 14:16:20+00:00,Я НЕ ПРОИГРАЛ НИ ОДНОЙ ИГРЫ НА ТИНКЕРЕ В НОВОМ ПАТЧЕ 7.40,Я НЕ ПРОИГРАЛ НИ ОДНОЙ ИГРЫ НА ТИНКЕРЕ В НОВОМ ПАТЧЕ 7.40,LenS,UCHwE8LkjTPtBkqsKmAtXSmg,20,Gaming,,0,https://i.ytimg.com/vi/Q8V6MJQuRtA/hqdefault.jpg,ru,zxx,False,6197,PT1H43M17S,hd,False,True,False,False,52423,2247,158
5ol1r8xBe3A,RU,2025-12-28 02:42:15.316083+00:00,2025-12-27 21:17:23+00:00,🔴УКРАДИ БРЕИНРОТ СКИБИДИ ТУАЛЕТ СБОР НОВОГОДНЕЙ БАЗЫ ЗРИТЕЛЯМ ПВП И КРАФТЫ!!  тг -ilditv,🔴УКРАДИ БРЕИНРОТ СКИБИДИ ТУАЛЕТ СБОР НОВОГОДНЕЙ БАЗЫ ЗРИТЕЛЯМ ПВП И КРАФТЫ!!  тг -ilditv,Ильди,UCO93xhsCxngJfo4BNKwejhw,20,Gaming,"роблокс, украдибреинрот",2,https://i.ytimg.com/vi/5ol1r8xBe3A/hqdefault.jpg,ru,ru,False,19443,PT5H24M3S,hd,False,True,False,False,116413,2458,5
NSw9Q355IeY,RU,2025-12-28 02:42:15.316091+00:00,2025-12-27 13:43:56+00:00,😰 НОВОЕ ЗИМНЕЕ ОБНОВЛЕНИЕ в The Forge! + Фиксплей!,😰 НОВОЕ ЗИМНЕЕ ОБНОВЛЕНИЕ в The Forge! + Фиксплей!, Кабан - Роблокс,UCZs7yB-wT0REBrEtT6nHS1A,20,Gaming,"Кабан, Кабан роблокс, Кабан майнкрафт, роблокс, roblox, roblox fun, роблокс смешные видео, роблокс троллинг, челлендж, челлендж роблокс, фиксплей, fixplay, FixPlay, Фикслпей роблокс, FixPlay роблокс, +Фиксплей, фиксплей роблокс, Фиксплей!, the forge, обновление the forge, коды в the forge, 😰 НОВОЕ ЗИМНЕЕ ОБНОВЛЕНИЕ в The Forge! + Фиксплей!",22,https://i.ytimg.com/vi/NSw9Q355IeY/hqdefault.jpg,ru,zxx,False,2962,PT49M22S,hd,False,True,False,False,59113,2787,340
k4oyDM3G-Y8,RU,2025-12-28 02:42:15.316099+00:00,2025-12-27 12:31:14+00:00,РУССКОМУ ИНТЕРНЕТУ КОНЕЦ ► Дедп47 ( DeadP47 ) | Реакция,РУССКОМУ ИНТЕРНЕТУ КОНЕЦ ► Дедп47 ( DeadP47 ) | Реакция,Майни,UC4HCh2xl_d5MNNbcPe6hrfg,24,Entertainment,,0,https://i.ytimg.com/vi/k4oyDM3G-Y8/hqdefault.jpg,ru,ru,False,2579,PT42M59S,hd,False,True,False,False,48108,3553,358
r0J3Oho_8zE,RU,2025-12-28 02:42:15.316106+00:00,2025-12-27 11:24:59+00:00,😱Притворяюсь Читером 24 ЧАСА во ВСЕХ РЕЖИМАХ... (STANDOFF 2),😱Притворяюсь Читером 24 ЧАСА во ВСЕХ РЕЖИМАХ... (STANDOFF 2),САЙЛЕС,UCPMwVQ9BOyRJDlZT6QMu04Q,20,Gaming,,0,https://i.ytimg.com/vi/r0J3Oho_8zE/hqdefault.jpg,ru,ru,False,1131,PT18M51S,hd,False,True,False,False,47535,1558,228
VObaZf-Kt7k,RU,2025-12-28 02:42:15.316113+00:00,2025-12-27 20:40:21+00:00,Казино Ловим Джекпоты и Заносы в Слоты,Казино Ловим Джекпоты и Заносы в Слоты,Казино В Рейтинге,UCP5wTEjkf5_IflScctql-hw,20,Gaming,,0,https://i.ytimg.com/vi/VObaZf-Kt7k/hqdefault.jpg,ru,ru,False,15875,PT4H24M35S,hd,False,True,False,False,36127,1558,9
uvLjXiUNxTE,RU,2025-12-28 02:42:15.316120+00:00,2025-12-27 10:01:27+00:00,"КТО БЫСТРЕЕ АПНЕТ ГЛОБАЛА в STANDOFF 2! (ft. Берсер, Аполлон)","КТО БЫСТРЕЕ АПНЕТ ГЛОБАЛА в STANDOFF 2! (ft. Берсер, Аполлон)",STKILL,UCWdZAwjd8-95hJQj4_usNSQ,20,Gaming,"КТО БЫСТРЕЕ АПНЕТ ГЛОБАЛА в STANDOFF 2!, standoff, STKILL, standoff 2, Сткилл, Сткил, стандофф, standof 2, стандофф 2, stkill, сткилл, Сткилл стандофф 2, сткил, Standoff 2, стандоф 2, СТАНДОФФ 2, вак моменты, вак моменты сткил, сткилл стандофф 2, сткил обнова, сткилл вак моменты, стандофф2, в стандофф 2, stkill вак моменты, STANDOFF 2, Stkill, сткил вп, стандоф, Обнова, кто больше апнет ммр за 24 часа, челлендж, Тт, Аполлон, Берсер, кто больше апнет, обнова сткил, кто быстрее апнет глобала",37,https://i.ytimg.com/vi/uvLjXiUNxTE/hqdefault.jpg,ru,ru,False,1322,PT22M2S,hd,False,True,False,False,59132,3879,446
uWq84wh4f2I,RU,2025-12-28 02:42:15.316128+00:00,2025-12-27 15:37:54+00:00,Я Стал СИЛЬНЕЙШИМ МОРСКИМ МОНСТРОМ в Истории Майнкрафт...,Я Стал СИЛЬНЕЙШИМ МОРСКИМ МОНСТРОМ в Истории Майнкрафт...,ТУМКА,UCYhXOzYd6-Vf4Uq-avzxh6g,20,Gaming,"minecraft, майнкрафт, тумка, tumka, майнкрафт но",5,https://i.ytimg.com/vi/uWq84wh4f2I/hqdefault.jpg,ru,ru,False,1050,PT17M30S,hd,False,True,False,False,68464,1923,145
